1.345261018606060859e-03
2.809525852807120971e-01
3.191758482044626533e-02
2.334369858953792148e-02
7.163057820946614959e-03
1.008327040021768234e-01
2.218959904519051882e-02
1.790954556504327846e-03
2.410848377803945577e-02
5.553494668204082829e-02
1.070115241975538303e-03
1.035103648725121533e-01
1.586099342664340842e-02
8.475854782878409349e-03
3.900595463550804811e-04
5.536190810645948979e-01
2.309648971230005565e-01
1.434390480918440989e-04
3.232767431413072212e-02
2.743299401438914140e-02
4.316281919368721715e-02
7.125340333806795328e-04
4.442498786903460381e-03
1.166470527369543007e-02
1.968294486068170035e-01
2.117654527942094966e-01
3.084605086318465417e-01
4.996352672026265762e-01
8.838479857912867610e-02
1.806159738101911078e-02
5.817443891608523737e-02
9.322244481141706007e-01
9.088465402390845105e-01
1.184552661931450868e-01
2.211412083149028734e-02
1.863738778993860937e-03
9.106357404182460757e-03
5.948833111052802096e-03
7.974686856481772584e-03
1.828373357752405004e-01
2.899327587866249584e-02
1.527045938783233971e-03
8.218927310945597919e-02
5.864564338809902938e-02
3.938580547509930307e-03
2.705464203533881062e-01
1.777602042774632518e-01
1.380299997171530700e-02
2.354079522815610110e-04
1.829586177426310162e-02
9.849039847561157357e-01
9.892535599316480965e-01
9.967745810240553617e-01
5.915429727123030501e-01
7.369979919947993174e-01
4.911358668634465685e-01
6.550490414512105675e-02
5.648508785963780587e-01
9.937047096725366568e-01
9.990880164674728059e-01
7.680310066132609581e-01
9.985995496920915260e-01
9.458781673637182141e-01
8.735717244294602946e-01
2.200671162999887076e-01
9.946606101594505089e-01
9.215890447583153788e-01
9.977110308239248715e-01
9.945679489669071449e-01
4.131849858129548747e-01
9.898966098267091285e-01
9.967219161214702083e-01
9.998249371625789195e-01
9.881765113239273646e-01
7.612642316321772684e-01
7.598659282980512186e-01
9.959116403489887137e-01
9.904456888639013856e-01
9.608702972441262036e-01
9.297029113399570832e-01
2.295480358749361072e-01
9.664733397141840321e-01
6.908506232179336681e-01
8.981950981439297266e-01
9.992210500280839236e-01
9.942491947615279546e-01
9.442409806595574162e-01
9.945723991740108572e-01
9.905588901508275423e-01
7.281471308049178859e-01
9.398187477668868972e-01
9.429751568374850068e-01
4.354567969794365667e-01
9.994614705987161507e-01
9.435173125299964880e-01
8.902726175446864509e-01
9.869587545513986981e-01
9.954498464177438111e-01
9.996325110530533964e-01
9.369800885471969432e-01
