3.847023724564442582e-02
4.586181428539316540e-01
6.485165598729065728e-01
1.269728480925592096e-01
1.515582113951028514e-02
3.052272107209494292e-03
4.909347258829175495e-15
5.881722691107268419e-01
1.437158667045892457e-01
2.221437300205097044e-03
4.825235030461005013e-03
1.530221444505163175e-01
4.410434356261977245e-04
2.507951578743058962e-01
6.871210149707281651e-06
5.985652172788916842e-02
1.561910766185526656e-01
6.519506697087366076e-01
2.461539570642021502e-01
3.054997756098316863e-02
1.039273186291719483e-02
4.176900749592815654e-02
6.210880032495418313e-01
5.630850877019297762e-01
9.785563364494058447e-02
1.862427798954127967e-01
9.089878452428674406e-04
2.953370124563928570e-02
2.773450770660663631e-02
1.667504026130310901e-01
2.350720229298266725e-02
2.060245444910446533e-01
5.140496735528744809e-02
1.509710413653079786e-01
7.692797356350297711e-02
3.506078998286222270e-01
5.036792528327341256e-02
9.633268147294773431e-01
3.854230655163833341e-01
9.807505629589990948e-02
1.784282111595655307e-01
9.371051879102082482e-01
2.315012776054723720e-01
1.135661930608830861e-01
1.191976861888000337e-06
5.941055646764468318e-02
4.426530144107579945e-01
7.138186779963873185e-02
6.138028084876721857e-02
6.344876439933641032e-01
8.145975723731949669e-01
5.227970612519982074e-01
6.070236453599936466e-01
9.139567220113280488e-01
7.768343758969704638e-01
9.938622845733317002e-01
5.969980577429060409e-01
5.604222511841703280e-01
8.856354197998234090e-01
9.127348867817550726e-01
9.616746502781314820e-01
8.744716876055914634e-01
3.452494415354953050e-01
9.902068678996915896e-01
9.349750830406551305e-01
9.729050662057872056e-01
9.460575050311043066e-01
7.606314139881404923e-01
8.000558167860757353e-01
9.410787813010046410e-01
9.953075884702342613e-01
6.920281683081491719e-01
9.081418265093972320e-01
8.714818190728795821e-01
9.475942470223713832e-01
9.375424731197008477e-01
9.908185412779371148e-01
9.263747636071613112e-01
9.895570191815978855e-01
6.040183144683952676e-01
3.051399884504766846e-01
9.946710424822889918e-01
9.009613362722928009e-01
9.867441368237225285e-01
9.012301276875321898e-01
9.656321404095665750e-01
9.693302021129860391e-01
9.135680378546330305e-01
9.356113024874176398e-01
8.652346337417958777e-01
5.955460078088169462e-01
8.233140875810893711e-01
7.916148187307064932e-01
8.243916471427357173e-01
9.214254091554984205e-01
9.422209250135737957e-01
9.649026350028629961e-01
9.255632972428581295e-01
9.461846561210356388e-01
8.293872866124600840e-01
