1.122395837187698713e-03
2.850577594309003926e-01
2.987461295368963946e-02
2.159374732841111075e-02
6.421953385316733591e-03
9.966059062526906598e-02
2.054818065223726342e-02
1.497259888685413803e-03
2.237078231070037393e-02
5.316242409695810800e-02
8.852684706678308089e-04
1.013567703555259270e-01
1.459330243643724469e-02
7.544412384790201778e-03
3.139241713751780849e-04
5.680007358738597967e-01
2.333994686451635048e-01
1.103694003856575169e-04
3.034960893413136268e-02
2.548345921541297562e-02
4.088918650298078300e-02
5.813985227739520631e-04
3.865195399149292266e-03
1.048479805851019846e-02
1.976863673340244210e-01
2.132238519326376813e-01
3.146446900545668557e-01
5.129215327399579971e-01
8.597635497060958365e-02
1.654448278557445889e-02
5.594023841986427159e-02
9.413127279612258924e-01
9.193952428936934540e-01
1.167248893571838225e-01
2.038536308545650655e-02
1.575773976640592548e-03
8.163686839669186471e-03
5.245275609362567114e-03
7.084969364615712611e-03
1.820934384754117064e-01
2.709171887940769671e-02
1.276111044031982182e-03
7.988861273839227561e-02
5.635238767058373816e-02
3.408698669846952148e-03
2.745658850368303816e-01
1.779691999251459544e-01
1.247819082704254741e-02
1.843393744236709398e-04
1.678259833198048057e-02
9.877135412247258772e-01
9.913311828780977386e-01
9.975135566510847651e-01
6.084478357028193507e-01
7.541124016170263067e-01
5.050427575265410418e-01
6.330049340365025146e-02
5.804186747258915924e-01
9.950174538945798508e-01
9.993315840400084360e-01
7.855252878720673237e-01
9.989482494782000455e-01
9.537145822645883841e-01
8.865974343359250831e-01
2.213223484726410950e-01
9.958350552474262152e-01
9.316679566211542030e-01
9.982581982607166005e-01
9.957418939289096604e-01
4.226928324658035807e-01
9.918581203962861803e-01
9.974623963677079486e-01
9.998778969987949239e-01
9.905053393324255717e-01
7.774390087503364466e-01
7.773152632172576348e-01
9.968230031508257261e-01
9.923259478330082040e-01
9.664855177504605432e-01
9.387761611328584443e-01
2.316885721619615646e-01
9.717913036676180116e-01
7.090723553925502021e-01
9.102080270923397221e-01
9.994294885187823274e-01
9.954922326694713997e-01
9.524477917297876628e-01
9.957167445938246431e-01
9.924785256771956332e-01
7.462348616447024297e-01
9.479347835961972057e-01
9.506539715016988357e-01
4.462658874373667817e-01
9.996114207519498640e-01
9.509935402749080113e-01
9.027772594088232516e-01
9.894315844910477331e-01
9.964425757169610431e-01
9.997382747024780025e-01
9.457444829601272529e-01
