6.162391548903067146e-02
6.048796810421933623e-01
6.053557841229253444e-01
1.150513690437630632e-01
9.795695982369648225e-02
1.905903343325630189e-02
3.871935330042435617e-08
5.272944974434785603e-01
1.071641904732894834e-01
2.238367552464368831e-02
1.133818401659231756e-01
1.322096958539942524e-01
6.894627907741265362e-03
2.979540998265428620e-01
3.119748105052679975e-03
6.957643340269381582e-02
2.480807931599824656e-01
6.690340108127049712e-01
6.571842329756414358e-01
8.227551692333998079e-02
5.158042529944292104e-02
4.680143614011712805e-02
5.689821863695566639e-01
6.439194139567870900e-01
1.346114521751586302e-01
3.293513310152702545e-01
1.553648531541608480e-02
3.272176637052438136e-02
2.963069974300983067e-02
1.972130872159478243e-01
3.299479026391381048e-02
1.847281451100412086e-01
5.104753564547635791e-02
2.516936724491149469e-01
4.053097681124287477e-01
5.007484866558070680e-01
6.880660175541689072e-02
9.451180029015401329e-01
3.169660334385231981e-01
8.599453265069381680e-02
2.846877471988983332e-01
9.152471216280426702e-01
1.977353923890415865e-01
1.343264358888902610e-01
7.939159092392279260e-04
5.778242549591134508e-02
4.240560689444519138e-01
9.402456921319839178e-02
7.690604985149440687e-02
6.168790916165547422e-01
8.909570174091586692e-01
3.956286568812477089e-01
7.609474808329911300e-01
8.343763411288294130e-01
7.273790799991554090e-01
9.860844854720661745e-01
5.385272598199709604e-01
4.893947412286387411e-01
8.166151050477167272e-01
8.877056439274936261e-01
9.317912528482403811e-01
8.255501356163149618e-01
2.597038690571765729e-01
9.790245634104652872e-01
9.156122032100030284e-01
9.419300737527566136e-01
9.101277070210084252e-01
8.270696437726551276e-01
6.881942526489724932e-01
9.182383228946933151e-01
9.910488696733732450e-01
5.662167894596241702e-01
8.443637702663908673e-01
7.792128150709310974e-01
9.102252996054605028e-01
9.319032736499702763e-01
9.769546346480695309e-01
8.586693531147109315e-01
9.830833045893428990e-01
4.748240518419735157e-01
2.275697924237361780e-01
9.950244500848012263e-01
8.824186277671457468e-01
9.752987402038501008e-01
8.257180666971670746e-01
9.407480118178405126e-01
9.419868846814296592e-01
8.530695142675525089e-01
8.902760775467879473e-01
9.307810731353816092e-01
4.645490332292921409e-01
7.525980650207813039e-01
7.167322393843699180e-01
7.660901080304063360e-01
8.790764865208449130e-01
8.859814324756642989e-01
9.226029691285434486e-01
8.745839080203953175e-01
9.501455362742668997e-01
7.261190624832040141e-01
