5.814773546573354102e-02
7.565006878099492411e-03
6.940038201778628464e-03
1.191586077465895711e-02
1.195899347444288885e-02
2.672793998239250679e-02
1.389078311472876151e-02
7.292062265769006174e-04
2.281304872706218026e-02
4.364658413938106440e-03
8.889681406448539727e-03
9.491111597561921812e-03
1.177478463743484964e-02
1.233133825332423730e-02
3.736208653138941779e-03
8.495805424306192288e-02
3.205212518096815701e-03
7.112305679997214108e-03
1.812703317613621051e-02
2.303090580248476696e-03
2.471335773124749835e-03
2.503436718157747709e-02
1.393840755113997035e-02
1.839294641106535913e-02
1.210979213217746242e-03
1.540661500683061227e-03
5.660211504609382986e-03
4.424571424726685132e-02
3.117041009203846968e-03
1.014375897204226051e-01
1.509796249880954351e-02
2.965880872737065941e-03
1.239166187663068340e-03
3.636606478534881118e-03
3.731682434484800276e-02
1.234753269190925172e-02
3.634090785674300855e-02
4.831977201800442823e-02
4.295515900936078962e-03
4.543472091525281066e-03
1.233014190243823284e-02
5.040615484638345974e-03
1.970133449603670480e-03
1.888067124765209839e-02
1.200988316884655377e-02
1.927900208105296637e-02
3.084108505830225264e-03
1.047528066569331905e-03
8.440074115511923478e-03
2.025290612083940900e-01
1.078827275254297391e-02
2.131916586798113938e-02
5.020449167638684797e-03
2.176370006609039051e-02
1.183177587858646150e-02
1.386241694933797652e-03
1.284657038385753416e-02
9.627510393049111201e-03
1.794229039463490424e-02
1.012424565455705139e-02
5.085581322705436634e-03
3.713211759757837054e-03
1.100956964397113019e-01
2.218501918494989456e-01
1.310375468767566720e-01
1.067255144033225495e-01
1.010249872942068916e-01
1.287700019436187615e-01
1.227229520437253252e-01
2.552246781699274991e-01
3.850392001959869748e-01
2.059237099859945186e-01
1.994648165247024374e-01
1.551511569830730519e-01
2.129186643267121648e-01
9.937293286063234032e-02
1.530721739071554399e-01
1.260138168012977788e-01
1.660286297049707038e-01
6.793878519289921203e-02
1.558186592062599796e-01
3.934838429089561052e-01
2.085013846744249166e-01
1.726930124742488137e-01
1.043624208278637611e-01
9.382866963634732549e-02
1.165291093432811453e-01
1.854612616974576356e-01
2.777956623400617553e-01
1.661340922568430023e-01
1.083225528329038873e-01
1.590798949168655552e-01
1.253199232696693144e-01
1.709773094553640460e-01
1.370583927191089957e-01
2.408634969394543024e-01
1.992383237019327291e-01
1.059163883065978029e-01
1.896590781981271345e-01
2.314301598935987747e-01
2.947510147466605446e-01
1.600532111015955106e-01
1.439182018716224365e-01
2.281081668330819934e-01
7.446672337166690414e-02
1.452053887472350147e-01
1.537639312097870692e-01
2.029662435233870188e-01
1.209944671406627953e-01
9.218046026671966597e-02
2.246482689379144804e-01
8.455879619155967641e-02
1.892616805069721186e-01
9.607557566366600743e-02
7.507959708812890487e-02
2.145776684891636255e-01
2.674766155487483532e-01
1.221464150388643505e-01
2.150373832752664749e-01
1.570365410279605245e-01
1.387473665327881578e-01
1.393112943926048120e-01
1.133427001669794626e-01
1.860127675932601587e-01
