1.587084328852597624e+07
8.492587750421480741e+05
2.064176357950812578e+07
2.925650205449224450e+05
2.517635527193675443e+04
1.621027792012351798e+06
5.747225362717587996e+04
2.979530903666921586e+04
3.117036718924207380e+05
1.211590276252805552e+03
1.400859605200991733e+06
5.804985658765213884e+04
1.078417238646933809e+06
4.741036129617090919e+05
3.186854958764328785e+03
1.234202945031776617e+05
2.479019830767514650e+05
6.447198624020321295e+05
3.686863989361424319e+04
2.515073676150795109e+03
7.308107071476535639e+05
1.315170585315691369e+03
1.648787877738770621e+05
2.292892911414550617e+06
4.292558968091199495e+04
1.031745094060711749e+07
2.706796658657574517e+04
1.411107059927299561e+05
1.776635797548581322e+05
3.598344836222024169e+05
2.187986069491316448e+04
1.614125406590397237e+06
1.413443580311821075e+06
3.707138108266906440e+07
2.623948385711575247e+04
1.050447965896010958e+07
1.198888438734562515e+05
1.729554106640897808e+05
2.882215674697323630e+04
9.058261030857082456e+06
7.218559877773144981e+05
5.582559754054437391e+06
2.199667303412549154e+04
6.038927407819063774e+03
8.752378955348755699e+05
1.444623502960815653e+07
5.475266916992246173e+06
1.111900908014225934e+04
1.964056953170803026e+05
2.025067392095144605e+05
3.108375537786626373e+05
1.172898907424834761e+04
2.507694316574840341e+06
9.372400537185107169e+03
3.575698007852352457e+05
1.495160955512477813e+04
1.374628543525074376e+06
2.890201865816023666e+06
8.201613807299111504e+05
1.073512189965705620e+05
1.266608978965450451e+07
1.432045106918971520e+06
2.165634710176976398e+06
1.696746983961424485e+04
1.790801505655037181e+04
1.028533680972847738e+06
1.515854893261979669e+04
1.382985501210830919e+07
5.129060918420939561e+04
9.342617912981481641e+04
9.632713240350689375e+03
1.229695761197200773e+04
2.266355968170388951e+04
3.984448497696403065e+05
1.136026201340334228e+05
5.076237393733530771e+05
8.546278348596641445e+04
7.867794317150847055e+06
3.112749116886870470e+05
9.675593737413152121e+05
7.767041106904057087e+05
3.695941922625478823e+06
1.767336809687213739e+06
6.705968157653664239e+06
1.234578236305173719e+06
1.318335013867581802e+04
2.248612513443097123e+04
1.024513384486586874e+05
3.164303750123392820e+04
4.150072099807701888e+05
1.084160664223429485e+05
3.223291372626326047e+05
8.692374748326659901e+05
9.877254897591339613e+03
1.039633388617232231e+04
3.958607391677255691e+03
2.956208271260282025e+06
2.322575514256766473e+05
1.074023393730701500e+05
5.652123317207283253e+04
2.695023630948517821e+05
2.043656377638055710e+04
1.745338564943000529e+04
1.488105090932826512e+06
5.517377409609517083e+06
1.352574422523918038e+05
9.905604986653901869e+05
7.756546702397477347e+05
1.602309140418961761e+04
6.759489055439714866e+04
3.750024859725383576e+06
2.817024074258895416e+04
7.050770855534576811e+06
1.528946935810140334e+06
1.865973813182043668e+05
7.806497842771765136e+04
2.429646191498530970e+04
5.008756416613174952e+05
1.684999089164174395e+06
3.867932229342470528e+05
5.719045128922494128e+06
3.421922425834576134e+05
1.219190574492662679e+06
2.700430329026671188e+03
5.785476535369253543e+04
1.398136822632004740e+06
6.438411849558059657e+03
3.384147952691574581e+06
2.402232025577841559e+05
2.569748537645484321e+05
1.249154004626663518e+05
3.711319493897787761e+06
7.392258094240264036e+06
6.847192167843645620e+03
3.918865414025313839e+03
8.111117732748892740e+04
7.612404445632044226e+06
2.044262082335125115e+03
7.598554012074853745e+03
2.460133319680044588e+04
2.735470127818540204e+06
5.431222270302458201e+05
1.003996637724056018e+04
1.065446999650416183e+04
1.732522405209974619e+06
2.959798616005746680e+03
4.708430001997136969e+03
1.134759639911634848e+06
5.568186348798900326e+03
4.030497414325443970e+03
2.252042241273807667e+04
3.041369857577786661e+03
1.304605527533702480e+04
2.332768444298637914e+05
4.381107361250854097e+06
7.870397994220901455e+04
8.857784895361403003e+06
2.123859252934619319e+06
8.595654756593074417e+05
7.781360402471473441e+06
4.612923174138017930e+05
1.274129301484541595e+07
2.538624629660905804e+06
3.266044408684326118e+04
2.152949750551010366e+05
3.894006725975564122e+07
7.033942409771336770e+02
7.020358582631236641e+05
1.253064161592312303e+05
1.055456718984090723e+06
2.338978290083410393e+05
2.317606360725213890e+05
1.359160582614637213e+06
1.637000947322193242e+05
2.475524724298611749e+06
2.507060938163443469e+06
2.707054572323215753e+07
2.515935060202052409e+04
4.745812644176863978e+04
3.039942278397072223e+05
2.653849207972766017e+05
6.174027262760288068e+03
1.012962677112089354e+06
6.121956784898887418e+04
7.260457440337650478e+06
2.763341969476840677e+04
6.286969677403188497e+07
6.705714138382631063e+04
3.975877170477008075e+07
1.308975865127314173e+05
4.991961898695104755e+05
1.168211894649852067e+06
1.850353310387116289e+04
1.568698498051514616e+05
4.823392444458477257e+04
2.865358784856249622e+04
3.820087590227871668e+06
2.180146718615806094e+04
2.610295011235950980e+06
1.261289792106769346e+04
6.554363347923143010e+04
2.605638308327590674e+07
1.184376895179758081e+06
8.531997490448226245e+02
2.872017199146495387e+07
1.380683187991037084e+04
1.908793630170606822e+07
1.399914199394207913e+06
2.992808194555182126e+05
2.286974366903703660e+07
2.219781724256603629e+05
2.733924206226343522e+05
1.581389788571116806e+05
1.579539765369890301e+04
6.660346275755689931e+03
7.783208345917140832e+04
1.427795390798236616e+07
9.636218686326638563e+05
6.565017686061023596e+03
1.534065512109380215e+05
3.261623900411567651e+06
8.504375039791189134e+06
3.628011178477665817e+04
1.524310721796141843e+04
7.495201126410467550e+06
4.689120871922674269e+03
2.329583338283461984e+06
1.096411234048453662e+04
4.866699689708889928e+05
2.523748410261762911e+05
1.910300280145281249e+03
1.753829123123227646e+03
7.474801385735356016e+05
1.922050475752251456e+06
2.239796608566069510e+06
2.794423589265082031e+07
1.658690789480651802e+04
3.543317042356481543e+05
1.210475999875281013e+04
4.808318898393545533e+04
2.336662979069260473e+04
1.010372577273664065e+05
6.861789235741847660e+05
3.551714292878119159e+04
8.856233462759409100e+06
4.030834565712165087e+06
7.328105171095002443e+06
3.726944920833140714e+03
3.161413615216637481e+04
8.096739236077970127e+05
