5.508807921833769328e-01
-8.692706892133227337e-01
7.705769783061870992e-01
1.596999531149515816e-01
8.572843369566027771e-01
2.987881919752270465e-01
1.736277850408789181e-01
9.153812571341473081e-01
9.860620821505858835e-01
8.791835228462384633e-01
1.023209361059556288e+00
-1.130027945926164422e-02
-7.345305242838070514e-01
4.085417545291022967e-01
-3.213308620073757060e-01
7.525413811214500814e-01
4.709244903847197850e-01
7.618712451237671379e-01
-6.127235006263412886e-01
-5.752404794127013998e-01
5.484555912096357178e-01
-6.991782719985719652e-01
1.973877305515268354e-01
-8.297594312814591255e-01
-9.154282906603193881e-01
-9.240424153244065630e-01
-6.486421427814410556e-01
-5.063477602414102607e-01
-6.555560971159573036e-01
7.788249681963957949e-01
5.088874743460469752e-01
1.036993920618176857e+00
3.210465565849753844e-01
1.404283403637299893e-02
5.241640419980418963e-01
9.214503743094839550e-01
1.389135313224592327e-01
7.601424197724704346e-01
-6.152148618904184074e-01
6.834703813316422849e-01
-5.957331323257752942e-01
-1.329027887287057008e-01
-6.047568796556216375e-01
-6.903732605753263307e-01
2.674538672481864832e-01
9.388773127434953958e-01
7.389080422495265532e-01
4.501228114543950332e-01
8.851768588954013195e-01
-6.538162189872024355e-01
8.610900301205024476e-01
6.800678148472364404e-01
2.555485535493221515e-03
-1.240269970892504507e-02
3.097326532261295284e-01
2.695092037979759381e-01
4.471069314322728139e-01
-9.852700737493994554e-01
-4.576804235889334604e-01
1.025147044974774824e+00
1.040769507507624203e+00
-6.316481793714965320e-01
-8.861720681762759178e-01
5.484256311790201011e-01
9.120023466118577504e-01
4.801886559885198413e-01
9.099555869408788578e-01
-6.455967320465402226e-01
4.629241683868321466e-01
6.558030075052164731e-01
-7.235465055689721536e-01
1.031140111084959260e-01
-9.147975495855003025e-01
9.276455839730860520e-01
7.991183761902640459e-01
5.840340503551108009e-01
2.857423891375392433e-01
-9.544492645241898776e-01
2.383487955116158907e-01
8.606481109511227023e-02
2.235907365400204017e-01
-8.007812302438156449e-01
-7.736383562772292111e-01
6.191898697465502144e-01
-1.949736763208033130e-01
-8.249746067727450338e-01
-1.839760860168289380e-01
7.396020477131007853e-01
9.141412364107268651e-01
-5.879104881238532698e-01
-8.046844976279027284e-01
-3.505925098850691257e-01
8.755811037192079427e-01
4.166598045586804300e-02
1.069399716314580751e+00
3.794516337423083363e-01
-5.482329800187834418e-02
-8.704394311346796975e-01
-9.845998263924240490e-01
6.847847484056773792e-01
-7.671848360553793489e-01
7.231485610644558526e-02
9.169052117877509733e-01
3.052936240299126691e-01
7.922314586308927264e-01
-9.807412801404731262e-01
-6.355964866788552659e-01
-2.425770670301536092e-01
8.304947989341158188e-01
-8.707871588154370013e-01
7.972335559241197633e-02
-8.841612205393677426e-01
5.768903047750912894e-01
6.808382530335429506e-01
-9.164018951319468087e-01
-8.978595785939660345e-01
4.058192364949351205e-01
1.472411654396056646e-01
1.079716274422594657e-01
4.618415451553383733e-01
-4.007572682328470748e-01
1.606340085528776274e-01
7.290399680937414972e-02
-4.416131789008088115e-01
5.566629242182289383e-01
-3.359200451703249768e-01
-4.768681410411534372e-01
5.961678419339107027e-01
-8.580332932309735483e-01
1.062207868994333060e+00
1.800013717309678352e-01
1.556128348259788186e-01
-5.218839361716010039e-01
1.781453454179384721e-01
3.219664264292899231e-02
1.461481061581912377e-01
-9.349750222408488298e-01
-8.439404761267051969e-01
9.122009296426425440e-01
9.973772246712486744e-01
-6.559811023402903896e-01
-9.771398775233222089e-01
7.168777390309061248e-01
8.659084855662674274e-01
-6.353147704901578319e-01
-7.691753268123436849e-01
2.900331960377809937e-01
-6.776330975207571772e-01
-7.630604587015248352e-01
3.638076795986740497e-01
-9.754213177592858663e-01
-6.657043622416883855e-01
4.032467894370587724e-01
4.594355315428376718e-01
9.043097103785698865e-01
-7.443647080005718619e-01
-6.213718532564235231e-01
4.911493293254488024e-01
5.882692116294342410e-01
2.742426299773590426e-01
1.350119918250690387e-01
-1.807125704735790817e-01
9.907994152002888022e-01
7.588272399127540813e-02
6.769559455024922734e-01
-9.301574826075744706e-01
-7.604745886136274891e-01
-3.353372149697273485e-01
9.221425801399415478e-01
-6.067067136228398994e-01
-7.210546224408023730e-02
8.860648556556888211e-01
4.545419121288408193e-01
3.811239106370693519e-01
7.749927073819656842e-01
-7.768477376002830281e-01
-5.935112633345239752e-01
7.535650108215437015e-01
-8.922630188278361796e-02
-6.041806997147830538e-01
4.972324758713701776e-02
2.821934411847230595e-01
-7.057099106890971640e-01
7.565593798390508606e-01
2.316147961680453116e-01
-8.376779431712406687e-01
-9.378460008419092775e-01
3.700130133095039797e-01
-6.921749976334161669e-01
2.938831207424641989e-01
7.297483029599586279e-01
-9.945630959319488040e-01
8.192501958959293173e-02
7.887843854303826507e-01
6.895864648088551041e-01
3.227179302726485566e-01
1.373296163398521619e-01
-6.437792735999504634e-01
4.513564357191789944e-01
1.041510161579451754e+00
